0 21.<gap>( 42 (15, 47) - (56, 46) - (57, 65) - (16, 66)
5 本题 41 (64, 45) - (104, 44) - (105, 62) - (65, 64)
7 8 10 (101, 44) - (110, 44) - (111, 63) - (102, 63)
8 分 14 (115, 43) - (128, 43) - (129, 61) - (116, 62)
9 ) 6 (135, 43) - (140, 43) - (141, 62) - (136, 62)
10 某商场试销一种成本为 212 (151, 42) - (362, 33) - (363, 52) - (152, 61)
20 60 24 (361, 34) - (384, 34) - (385, 52) - (362, 53)
22 元的商品,销售量 166 (390, 33) - (555, 26) - (556, 45) - (391, 52)
30 <gap>(<gap> 45 (555, 26) - (599, 25) - (600, 44) - (556, 45)
33 件 6 (599, 25) - (604, 25) - (605, 44) - (600, 44)
34 )<gap> 22 (611, 25) - (632, 24) - (633, 43) - (612, 44)
36 与销售单价 111 (632, 24) - (742, 19) - (743, 38) - (633, 43)
41 <gap>(<gap> 45 (742, 19) - (786, 18) - (787, 37) - (743, 38)
44 元 6 (786, 18) - (791, 18) - (792, 37) - (787, 37)
45 <gap>)<gap> 33 (791, 18) - (823, 16) - (824, 35) - (792, 37)
48 符合 44 (823, 16) - (866, 14) - (867, 33) - (824, 35)

50 一次函数,且 114 (54, 88) - (167, 84) - (168, 104) - (55, 109)
56 y=80 44 (171, 83) - (214, 82) - (215, 103) - (172, 104)
60 时, 22 (221, 82) - (242, 81) - (243, 102) - (222, 103)
62 <gap>y=40;<gap>z=70 127 (242, 81) - (368, 77) - (369, 98) - (243, 102)
73 时, 24 (373, 76) - (396, 76) - (397, 97) - (374, 97)
75 <gap>-50 59 (396, 76) - (454, 74) - (455, 95) - (397, 97)
79 ,若该商场销售该商品获得利润为 328 (457, 73) - (784, 61) - (785, 82) - (458, 94)
94 w 15 (787, 62) - (801, 62) - (802, 82) - (788, 83)
95 元, 24 (804, 61) - (827, 60) - (828, 81) - (805, 82)
97 <gap> 30 (827, 60) - (856, 59) - (857, 80) - (828, 81)
98 问 6 (856, 59) - (861, 59) - (862, 80) - (857, 80)

99 取何值时 76 (67, 126) - (143, 125) - (143, 147) - (67, 148)
103 <gap> 12 (143, 125) - (155, 124) - (155, 146) - (143, 147)
104 取得最大值?最大值为多少? 255 (155, 124) - (410, 121) - (410, 143) - (155, 146)

