0 23.( 42 (19, 8) - (61, 9) - (61, 36) - (19, 35)
4 本题 31 (68, 9) - (99, 8) - (99, 35) - (68, 36)
6 9 13 (107, 8) - (120, 8) - (120, 35) - (107, 35)
7 分 10 (120, 8) - (130, 8) - (130, 35) - (120, 35)
8 ) 7 (138, 9) - (145, 9) - (145, 36) - (138, 36)
9 如图,抛物线 102 (172, 9) - (274, 9) - (274, 36) - (172, 36)
15 y=ar'+<gap>bx<gap>+c(a≠0) 217 (281, 9) - (498, 10) - (498, 37) - (281, 36)
32 ,经过点 74 (507, 10) - (581, 11) - (581, 38) - (507, 37)
36 A(-1,0),<gap>B(3,<gap>0), 245 (589, 11) - (834, 12) - (834, 39) - (589, 38)

53 C(0,<gap>-3) 95 (55, 50) - (150, 51) - (150, 76) - (55, 75)
61 三点, 45 (162, 51) - (207, 51) - (207, 76) - (162, 76)

64 (1) 27 (47, 95) - (74, 96) - (74, 117) - (47, 116)
67 求抛物线 73 (90, 96) - (163, 97) - (163, 118) - (90, 117)
71 <gap> 11 (163, 97) - (174, 97) - (174, 118) - (163, 118)
72 的解析式及顶点 131 (174, 97) - (305, 98) - (305, 119) - (174, 118)
79 M 18 (314, 99) - (332, 99) - (332, 120) - (314, 120)
80 的坐标; 62 (334, 99) - (396, 99) - (396, 120) - (334, 120)

84 (2) 31 (43, 135) - (74, 136) - (74, 157) - (43, 156)
87 连接 39 (81, 136) - (120, 136) - (120, 157) - (81, 157)
89 AC、BC,<gap>N 109 (126, 136) - (235, 137) - (235, 158) - (126, 157)
97 为抛物线上的点且在第一象限,当 296 (240, 138) - (536, 141) - (536, 162) - (240, 159)
112 Some<gap>=Son 101 (542, 141) - (643, 142) - (643, 163) - (542, 162)
121 时, 26 (651, 143) - (677, 143) - (677, 164) - (651, 164)
123 <gap> 16 (677, 143) - (693, 143) - (693, 164) - (677, 164)
124 求 17 (693, 143) - (710, 143) - (710, 164) - (693, 164)
125 N 14 (716, 143) - (730, 143) - (730, 164) - (716, 164)
126 点的坐标; 89 (729, 143) - (818, 144) - (818, 165) - (729, 164)

131 (3) 32 (45, 174) - (77, 175) - (77, 197) - (45, 196)
134 在 5 (91, 175) - (96, 175) - (96, 197) - (91, 197)
135 (2) 33 (118, 175) - (151, 176) - (151, 198) - (118, 197)
138 问的条件下,过点 156 (175, 176) - (331, 178) - (331, 200) - (175, 198)
146 C 14 (339, 178) - (353, 178) - (353, 200) - (339, 200)
147 作直线 62 (353, 178) - (415, 179) - (415, 201) - (353, 200)
150 L/x 40 (417, 179) - (457, 179) - (457, 201) - (417, 201)
153 轴,动点 78 (460, 179) - (538, 180) - (538, 202) - (460, 201)
157 P(<gap>m,<gap>-3) 108 (544, 180) - (652, 181) - (652, 203) - (544, 202)
166 在直线上,动点 160 (659, 182) - (819, 183) - (819, 205) - (659, 204)
173 0 21 (828, 184) - (849, 184) - (849, 206) - (828, 206)

174 (m,<gap>0)<gap> 84 (94, 212) - (178, 213) - (178, 235) - (94, 234)
181 在 11 (178, 213) - (189, 213) - (189, 235) - (178, 235)
182 x 11 (192, 213) - (203, 213) - (203, 235) - (192, 235)
183 轴上,连接 98 (204, 213) - (302, 214) - (302, 236) - (204, 235)
188 PM、PO、NO,<gap> 157 (304, 214) - (461, 216) - (461, 238) - (304, 236)
198 当 15 (461, 216) - (476, 216) - (476, 238) - (461, 238)
199 m 14 (480, 217) - (494, 217) - (494, 239) - (480, 239)
200 为何值时, 87 (499, 217) - (586, 218) - (586, 240) - (499, 239)
205 <gap>PMPO+ON 133 (586, 218) - (719, 219) - (719, 241) - (586, 240)
213 的 16 (718, 219) - (734, 219) - (734, 241) - (718, 241)
214 <gap> 12 (734, 219) - (746, 220) - (746, 242) - (734, 241)
215 和最小, 61 (746, 220) - (807, 220) - (807, 242) - (746, 242)
219 <gap> 18 (807, 220) - (825, 221) - (825, 243) - (807, 242)
220 并 5 (825, 221) - (830, 221) - (830, 243) - (825, 243)

221 求 33 (73, 252) - (106, 252) - (106, 274) - (73, 274)
222 PM-<gap>PO+ON 121 (119, 251) - (240, 252) - (240, 274) - (119, 273)
231 和的最小值, 102 (248, 251) - (350, 251) - (350, 273) - (248, 273)

