0 22.( 61 (68, 88) - (129, 86) - (129, 120) - (68, 122)
4 本题 83 (124, 85) - (207, 86) - (207, 120) - (124, 120)
6 9 15 (200, 85) - (215, 85) - (215, 119) - (200, 119)
7 分 18 (220, 85) - (238, 85) - (238, 119) - (220, 119)
8 ) 10 (259, 85) - (269, 85) - (269, 119) - (259, 119)
9 如图,直线 135 (297, 83) - (432, 82) - (432, 116) - (297, 117)
14 <gap>=2x+4 168 (432, 82) - (600, 79) - (600, 113) - (432, 116)
20 与反比例函数 179 (609, 79) - (788, 76) - (788, 110) - (609, 113)
26 y=“<gap> 105 (795, 76) - (900, 74) - (900, 108) - (795, 110)
30 的图象相交于 190 (900, 74) - (1090, 71) - (1090, 105) - (900, 108)
36 A 27 (1090, 71) - (1117, 71) - (1117, 105) - (1090, 105)
37 和 24 (1127, 70) - (1151, 70) - (1151, 104) - (1127, 104)
38 B(1,<gap>n) 105 (1151, 70) - (1256, 68) - (1256, 102) - (1151, 104)
45 两点, 70 (1270, 68) - (1340, 67) - (1340, 101) - (1270, 102)

48 (1) 52 (112, 155) - (164, 155) - (164, 202) - (112, 202)
51 求 46 (163, 155) - (209, 155) - (209, 202) - (163, 202)
52 <gap> 18 (209, 155) - (227, 155) - (227, 202) - (209, 202)
53 的值; 81 (227, 155) - (308, 154) - (308, 201) - (227, 202)

56 (2) 52 (119, 231) - (171, 231) - (171, 271) - (119, 271)
59 直接写出使得 183 (177, 231) - (360, 230) - (360, 270) - (177, 271)
65 <gap>】<gap>>y 109 (360, 230) - (469, 230) - (469, 270) - (360, 270)
70 的 24 (481, 229) - (505, 229) - (505, 269) - (481, 269)
71 x 17 (502, 229) - (519, 229) - (519, 269) - (502, 269)
72 的取值范围: 175 (521, 229) - (696, 228) - (696, 268) - (521, 269)

78 (3) 57 (115, 304) - (172, 304) - (172, 343) - (115, 343)
81 平行于 67 (200, 304) - (267, 304) - (267, 343) - (200, 343)
84 z 20 (276, 303) - (296, 303) - (296, 342) - (276, 342)
85 轴的直线 120 (291, 303) - (411, 303) - (411, 342) - (291, 342)
89 y=m(<gap>m>0) 195 (417, 303) - (612, 302) - (612, 341) - (417, 342)
98 ,与直线 116 (633, 301) - (749, 301) - (749, 340) - (633, 340)
102 AB 44 (755, 301) - (799, 301) - (799, 340) - (755, 340)
104 相交于点 123 (796, 301) - (919, 300) - (919, 339) - (796, 340)
108 M, 41 (931, 300) - (972, 300) - (972, 339) - (931, 339)

110 与反比例函数的图象相交于点 384 (198, 363) - (582, 361) - (582, 397) - (198, 399)
123 N 37 (593, 361) - (630, 361) - (630, 397) - (593, 397)
124 ,若 53 (621, 361) - (674, 360) - (674, 396) - (621, 397)
126 MN=3 84 (688, 360) - (772, 360) - (772, 396) - (688, 396)
130 ,求 53 (784, 360) - (837, 360) - (837, 396) - (784, 396)
132 a 27 (849, 359) - (876, 359) - (876, 395) - (849, 395)
133 的值, 66 (876, 359) - (942, 359) - (942, 395) - (876, 395)

136 第 22 (1137, 512) - (1159, 512) - (1159, 544) - (1137, 544)
137 22 28 (1166, 512) - (1194, 511) - (1194, 543) - (1166, 544)
139 题图 68 (1195, 511) - (1263, 511) - (1263, 543) - (1195, 543)

